0.08333333333333326
0.16666666666666652
0.24999999999999978
0.33333333333333304
0.4166666666666663
0.49999999999999956
0.5833333333333328
0.6666666666666661
0.7499999999999993
0.8333333333333326
0.9166666666666659
0.9999999999999991
1.0833333333333324
1.1666666666666656
1.249999999999999
1.3333333333333321
1.4166666666666654
1.4999999999999987
1.583333333333332
1.6666666666666652
1.7499999999999984
1.8333333333333317
1.916666666666665
1.9999999999999982
2.0833333333333313
2.1666666666666647
2.2499999999999982
2.3333333333333313
2.4166666666666643
2.499999999999998
2.5833333333333313
2.6666666666666643
2.7499999999999973
2.833333333333331
2.9166666666666643
2.9999999999999973
3.0833333333333304
3.166666666666664
3.2499999999999973
3.3333333333333304
3.4166666666666634
3.499999999999997
3.5833333333333304
3.6666666666666634
3.7499999999999964
3.83333333333333
3.9166666666666634
3.9999999999999964
4.0833333333333295
4.1666666666666625
4.2499999999999964
4.3333333333333295
4.4166666666666625
4.4999999999999964
4.5833333333333295
4.6666666666666625
4.749999999999996
4.833333333333329
4.9166666666666625
4.999999999999996
5.083333333333329
5.1666666666666625
5.249999999999996
5.333333333333329
5.416666666666662
5.499999999999995
5.583333333333329
5.666666666666662
5.749999999999995
5.833333333333329
5.916666666666662
5.999999999999995
6.083333333333328
6.166666666666661
6.249999999999995
6.333333333333328
6.416666666666661
6.499999999999995
6.583333333333328
6.666666666666661
6.749999999999994
6.833333333333327
6.916666666666661
6.999999999999994
7.083333333333327
7.166666666666661
7.249999999999994
7.333333333333327
7.41666666666666
7.499999999999993
7.583333333333327
7.66666666666666
7.749999999999993
7.833333333333327
7.91666666666666
7.999999999999993
8.083333333333327
8.166666666666659
8.249999999999993
8.333333333333325
